0.218853
0.137257
0.137255
0.137254
0.137257
0.137255
0.137254
0.137257
0.137255
0.137254
0.137257
0.137255
0.137254
0.234022
0.234018
0.234018
0.234022
0.234018
0.234018
0.234022
0.234018
0.234018
0.234022
0.234018
0.234018
0.268142
0.268147
0.268147
0.268142
0.268147
0.268147
0.268142
0.268147
0.268147
0.268142
0.268147
0.268147
0.234022
0.234018
0.234018
0.234022
0.234018
0.234018
0.234022
0.234018
0.234018
0.234022
0.234018
0.234018
0.137257
0.137255
0.137255
0.137257
0.137255
0.137255
0.137257
0.137255
0.137254
0.137257
0.137254
0.137255
0.218853
